   1001     1003    1.638        1.497      19.4      16.4      24.2     19.5         694        701    74       66    4795.855      4795.97495738591      4794.39342045106
   1001     1003    1.638        1.498      21.2      16.5      24.3     19.3         694        701    64       66    4795.843      4795.96806533056       4794.3865517991
   1001     1002    1.638         1.51      19.5        16        23     18.5         694        705    70       65    5916.797      5916.93868132518      5914.85684046852
   1001     1002    1.638         1.51      21.9      16.8      24.3       19         694        705    64       66     5916.79      5916.94180530954      5914.85996335372
   1002     1001    1.535         1.61        21      17.5      17.5     14.5         705        694    71       72    5916.799      5916.92919902202      5914.84855506984
   1002     1001    1.535         1.61        24      18.5        20       17         705        694    70       74    5916.787      5916.93113877471      5914.85049414043
   1002     1003    1.535        1.497        23      18.5      24.2     19.5         705      701.5    65       70    3221.358      3221.43727730553      3221.02860785013
   1002     1003    1.535          1.5      24.3        19      24.3     19.2         705      701.1    65       65    3221.354      3221.43583308406      3221.02713515232
   1002     1004    1.535         1.48        21      17.5        19       16         705        687    71       74    5580.719      5580.85225584021      5576.27817558426
   1002     1004    1.535         1.48        24      18.5      21.5       16         705        687    70       65    5580.707      5580.85483428824      5576.28075191899
   1003     1002    1.533         1.51        20        16      20.5       17       701.5        705    66       70    3221.349      3221.41888882708      3221.00965095496
   1003     1002    1.535         1.51      24.2        18      24.5       19       701.2        705    62       69    3221.342      3221.42383032813      3221.01457268237
   1003     1001    1.533         1.61        20        16      17.5     14.5       701.5        694    66       72    4795.834      4795.94110929885       4794.3609564732
   1003     1001    1.535         1.61      24.2        18      21.2     16.5       701.2        694    62       63    4795.817       4795.9422975957      4794.36218661402
   1004     1002    1.509         1.51        19        16        22     17.5         687        705    78       74    5580.681      5580.81566590589      5576.23956162885
   1004     1002    1.509         1.51        21        16        24     18.5         686        705    70       68    5580.673      5580.82022671234      5576.24411869556
