%	den1_1_1003_2
	1003	1002	1.548	1.578	11.3	7.4	11.5	7.0	718	721	0	0	3221.357	
	1003	1001	1.548	1.448	11.3	7.4	10.0	0	718	0	0	0	4795.825
	1003	1004	1.548	1.550	11.3	7.4	10.5	7.0	718	702	0	0	2570.487
	1003	1002	1.548	1.578	11.7	7.5	13.1	8.5	714	720	0	0	3221.350
	1003	1001	1.548	1.448	11.7	7.5	10.0	0	714	0	0	0	4795.817
	1003	1004	1.548	1.550	11.7	7.5	10.0	6.5	714	700	0	0	2570.478
%	den1_1_1004_2
	1004	1003	1.58	1.505	12.5	8.5	11.3	7.4	700.5	715.5	0	0	2570.495
	1004	1002	1.58	1.578	10.5	7.0	13.1	8.5	699.0	720.0	0	0	5581.472
	1004	1003	1.58	1.505	10.5	7.0	12.4	8.1	699.0	715.0	0	0	2570.490
%	den1_6_1002_1
	1002	1004	1.595	1.550	12.2	7.6	10.0	7.0	580	561	53	66	5581.527
	1002	1001	1.595	1.448	12.2	7.6	11.9	0	580	0	53	0	5916.901
	1002	1003	1.595	1.505	12.2	8.9	10.6	7.1	583	576	65	61	3221.432
%	den1_7_1001_2
	1001	1002	1.475	1.578	11.9	12.1	7.6	0.0	720	0.0	53	5916.901
	1001	1003	1.475	1.505	11.9	12.1	8.9	0.0	715	0.0	66	4795.896
	1001	1004	1.475	1.580	11.9	9.0	6.0	0.0	699	0.0	64	6412.194
	1001	1002	1.475	1.578	12.1	12.2	7.6	0.0	720	0.0	53	5916.894
	1001	1003	1.475	1.505	12.1	12.1	8.9	0.0	715	0.0	66	4795.892
	1001	1004	1.475	1.580	12.1	10.0	7.0	0.0	701	0.0	66	6412.197
	%	-------	2.turnus	-------
%	den2_45_1001_1.txt
D	1001	1002	1.651	1.480	14	11	12	8.5	702	709.5	0.00	0.00		5916.817
D	1001	1004	1.651	1.517	14	11	10	7.5	702	700	0.00	0.00	0.000
D	1001	1003	1.651	1.390	14	11	19	0	702	834	0.00	0.00	4795.867
D	1001	1004	1.651	1.517	17	13	18	12.5	701.5	699	0.00	0.00	0.000
D	1001	1003	1.651	1.390	17	13	25.3	0	701.5	700	0.00	0.00	4795.852
D	1001	1002	1.651	1.480	17	13	17.5	12.5	701.5	708.8	0.00	0.00	5916.797
%	den2_45_1002_1.txt
D	1002	1001	1.480	1.630	12.0	8.5	13.0	9.0	576	562	5916.902
D	1002	1003	1.480	1.390	12.0	8.5	16.0	576	0	3221.421	#p2	=	946	hPa	
D	1002	1004	1.480	1.520	12.0	8.5	10.0	7.5	576	559	5581.527
D	1002	1001	1.480	1.630	17.5	12.5	20.0	16.0	575	561	5916.868
D	1002	1003	1.480	1.390	17.5	12.5	25	575	0	3221.405	#p2	=	945	hPa	
D	1002	1004	1.480	1.520	17.5	12.5	17.5	13.0	575	559	5581.498
%	den2_45_1002_2.txt
D	1002	1001	1.480	1.630	12.0	8.5	13.0	9.0	716	702	0	0	5916.902
D	1002	1003	1.480	1.390	12.0	8.5	16.0	716	709.6	0	0	3221.421	
D	1002	1004	1.480	1.520	12.0	8.5	10.0	7.5	716	699	0	0	5581.527
D	1002	1001	1.480	1.630	17.5	12.5	20.0	16.0	715	701	0	0	5916.868
D	1002	1003	1.480	1.390	17.5	12.5	25	715	709	0	0	3221.405	
D	1002	1004	1.480	1.520	17.5	12.5	17.5	13.0	715	699	0	0	5581.498
%	den2_45_1002_3.txt
D	1002	1001	1.500	1.630	12.0	8.5	13.0	9.0	716	702	0	0	5916.902
D	1002	1003	1.500	1.390	12.0	8.5	16.0	716	709.6	0	0	3221.421	
D	1002	1004	1.500	1.520	12.0	8.5	10.0	7.5	716	699	0	0	5581.527
#	odpoledni	mereni	(14:00)
#	C.b1	C.b2	hT[m]	hc[m]	t1[°C]	t2[°C]	p1[]	p2[]	h1[%]	h2[%]	d[m]
D	1002	1001	1.500	1.630	17.5	12.5	20.0	16.0	715	701	0	0	5916.868
D	1002	1003	1.500	1.390	17.5	12.5	25	715	709	0	0	3221.405	
D	1002	1004	1.500	1.520	17.5	12.5	17.5	13.0	715	699	0	0	5581.498
%	den2_45_1003_1.txt
D	1003	1002	1.416	1.480	19.1	19.1	12.0	8.5	709.6	576	0	0	3221.363
D	1003	1001	1.416	1.630	22.5	22.5	15.0	12.0	709.6	562	0	0	4795.874
D	1003	1004	1.416	1.540	19.0	19.0	13.5	9.5	709.6	559	0	0	2570.455
D	1003	1001	1.414	1.630	21.0	21.0	20.0	16.0	708.8	561.5	0	0	4795.864
D	1003	1002	1.414	1.480	21.0	21.0	17.5	12.5	708.8	575	0	0	3221.357
D	1003	1004	1.414	1.540	21.0	21.0	17.5	13.0	708.8	558.5	0	0	2570.454
%	den2_45_1003_2.txt
D	1003	1002	1.416	1.480	19.1	19.1	12.0	8.5	709	716	0	0	3221.363
D	1003	1001	1.416	1.630	22.5	22.5	15.0	12.0	709	702	0	0	4795.874
D	1003	1004	1.416	1.540	19.0	19.0	13.5	9.5	709	699	0	0	2570.455
D	1003	1001	1.414	1.630	21.0	21.0	20.0	16.0	708	701	0	0	4795.864
D	1003	1002	1.414	1.480	21.0	21.0	17.5	12.5	708	715	0	0	3221.357
D	1003	1004	1.414	1.540	21.0	21.0	17.5	13.0	708	699	0	0	2570.454
%	den2_45_1004_1.txt
D	1004	1002	1.54	1.48	13.5	9.5	12.0	8.5	559	576				5581.517
D	1004	1003	1.54	1.39	13.5	9.5	20.3	559	0					2570.506		%#	p2=946.0	[hPa]	
D	1004	1002	1.54	1.48	17.5	13.0	17.5	12.5	558.5	575					5581.508
D	1004	1003	1.54	1.39	17.5	13.0	25.0		558.5	0					2570.501	%#	p2=945.2	[hPa]
%	den2_45_1004_2.txt
D	1004	1002	1.54	1.48	13.5	9.5	12.0	8.5	699	716		0		0	5581.517
D	1004	1003	1.54	1.39	13.5	9.5	20.3	699	709.6		0	0	2570.506		
D	1004	1002	1.54	1.48	17.5	13.0	17.5	12.5	698.5	715		0		0	5581.508
D	1004	1003	1.54	1.39	17.5	13.0	25.0		698.5	709		0		0		2570.501	
%	den3_2_1001_1.txt
D	1001	1003	1.565	1.525	19.5	16.0	19.0	17.0	695.5	704.0	70	82	4794.759	%#merena	4794.761
D	1001	1002	1.565	1.334	19.5	16.0	16.5	14.0	695.5	718.0	70	76	5915.291	%#merena	5915.293
D	1001	1003	1.565	1.525	17.0	12.5	21.0	17.5	695.0	704.0	60	71	4794.741	%#merena	4794.743
D	1001	1002	1.565	1.334	17.0	12.5	20.5	16.0	695.0	717.0	60	64	5915.286	%#merena	5915.288
%	den3_2_1004_1.txt
D	1004	1002	1.568	1.334	13.0	16.5	09.5	12.5	0	708	68	69	5581.438
D	1004	1003	1.568	1.525	12.5	16.5	13.5	14.5	0	705	64	90	2570.459
D	1004	1003	1.568	1.525	15.0	18.0	18.0	21.0	0	704	73	75	2570.453
D	1004	1002	1.568	1.334	15.0	18.0	13.5	18.0	0	717	73	61	5581.420
%	den3_3_1002_1.txt
D	1002	1004	1.334	1.540	9.5	12.5	11.0	15.0	709	0	69	61	5581.5039
D	1002	1003	1.334	1.525	9.5	12.5	12.0	15.0	709	705	69	71	3221.4103
D	1002	1004	1.334	1.540	14.5	18.5	15.0	18.0	707	0	65	73	5581.4725
D	1002	1001	1.334	1.550	14.5	18.5	13.0	15.5	707	696	65	76	5916.8390
D	1002	1003	1.334	1.525	14.5	18.5	17.0	19.5	707	704	65	70	3221.3820
%	den3_3_1003_1.txt
D	1003	1002	1.525	1.334	12.0	14.5	9.0	11.5	708	708	73	68	3221.388
D	1003	1001	1.525	1.550	12.0	14.5	11.5	14.0	69	695.5	73	75	4795.885
D	1003	1004	1.525	1.540	12.0	14.5	11.0	15.0	698	0	73	61	2570.471
D	1003	1002	1.525	1.334	16.0	19.0	14.0	16.5	697	718	74	76	3221.369
D	1003	1001	1.525	1.540	16.0	19.0	13.0	15.5	697	696	74	76	4795.873
D	1003	1004	1.525	1.540	16.0	19.0	13.5	17.5	698	0	74	65	2570.465