49 57 53.16941 
50 07 09.43939 
50 07 33.49749 
50 08 09.26430 
50 08 26.35846 
50 08 53.47241 
50 09 10.63112 
50 09 25.23627 
50 09 37.56666 
50 09 44.30416 
50 09 44.39925 
50 09 51.06082 
50 10 02.46329 
50 10 34.98472 
50 10 40.51819 
50 10 45.35110 
50 50 49.73872 
50 11 12.08935 
50 11 27.52990 
50 11 36.57299 
50 11 52.43552 
50 12 12.87841 
50 12 30.78104 
50 12 39.67604 
50 12 58.61417 
50 13 11.58434 
50 13 23.00135 
50 13 23.29171 
16 58 51.44527 
16 56 22.70633 
16 56 54.18865 
16 57 17.94113 
16 57 18.23626  
16 56 55.50016 
16 56 49.72071 
16 56 47.08182 
16 56 47.47688 
16 56 44.62885 
16 56 51.94073 
16 56 46.01355 
16 56 40.84927 
16 56 21.94586 
16 56 16.29323 
16 55 57.81120 
16 55 30.48533 
16 55 17.17753 
16 55 10.47781 
16 55 09.19035 
16 55 01.80807 
16 54 55.36634 
16 55 09.92745 
16 55 14.36428 
16 55 18.19862 
16 55 29.70635 
16 55 11.99484 
16 55 24.76767 
378.6350
512.1109 
519.1429
528.3497 
534.9353 
541.7264 
552.4275
563.5160 
571.9366 
584.4101
603.5143 
568.8626
578.1787
587.7147 
591.5283 
600.0099
610.4387 
627.3721 
637.2023 
643.9887
657.1945 
676.6222
699.4798
711.6661
741.8758 
828.5719
803.6042
844.5656