090 466.918 1.325 0 50
100 475.576 -0.307 0 12
121 484.696 -0.203 0 30
130 491.943 -1.347 0 10
140 499.829 -0.884 0 80
150 510.173 -1.565 -2 16
161 519.813 -0.106 0 12
180 527.501 0.656 0 15
210 540.260 0.357 0 20
230 524.437 -0.631 1 15
250 536.980 -2.626 -2 20
270 544.586 0.659 0 20
280 548.333 -0.584 1 20
290 556.244 0.000 0  0
300 568.036 -1.391 -1 20
310 583.815 -0.382 -1 20
311 594.408 -0.897 2 20
320 601.329 -1.084 0 0 20
331 616.595 -0.232 0 0 20
340 634.090 0.000 0 0 0
350 655.800 1.224 1 34
360 667.929 0.000 0 0
370 698.245 -0.085 1 10
430 784.853 0.000 0 0
391 728.249 -0.680 2 6
440 800.813 0.000 0 0


 