===============================================================================================================
                                               Gravimetr                                                       
---------------------------------------------------------------------------------------------------------------
morning_usa      morning_rus     afternoon_usa   afternoon_rus 
980937.8		 980939.2		 980939.8		 980938.5		
980906.2		 980905.3		 980902.6		 980904.6		
980906.0		 980907.7		 980905.1		 980906.9		
980910.7		 980913.3		 980910.3		 980911.6		
980914.1		 980915.7		 980915.5		 980915.6		
980939.5		 980939.3		 980938.3		 980938.4		
980916.1		 980917.5		 980916.8		 980918.1		
980922.2		 980927.9!!!		 980922.7		 980923.5		
980930.1		 980927.8		 980928.7		 980929.0		
980929.0		 980928.4		 980929.4		 980930.2		
980933.8		 980933.5		 980934.1		 980936.0		
980938.6		 980937.3		 980937.7		 980938.8		
Vyska_VPN        Normalni_tize   Merena_tize     Fayova_anom  Bougerova_anom
698.238		 981086		 980923		    53		    -16		
667.923		 981085		 980929		    50		    -16		
655.703		 981085		 980929		    47		    -17		
634.089		 981084		 980934		    46		    -16		
616.594		 981084		 980939		    45		    -15		
613.175		 981084		 980939		    44		    -15		
Prevyseni_VPN    Kor_tih_anom    Norm_orto_kor   Norm_prevyseni  Norm_vyska 
-30.314935		 -1.583			 0.329			 -30.316189		 698.241		 
-12.219945		 -0.601			 0.150			 -12.220396		 667.925		 
-21.613895		 -1.016			 0.291			 -21.614619		 655.705		 
-17.495775		 -0.805			 0.225			 -17.496355		 634.090		 
-3.418585		 -0.154			 0.097			 -3.418642		 616.594		 
>> 