VSE
======================================================================================================
                                           Redukce delek [m]                                          
------------------------------------------------------------------------------------------------------
  CB      CB    |    Dmer        Dfyz        Dmat        Dsour      |    (4-3)   (5-4)   (6-5)  odleh.
------------------------------------------------------------------------------------------------------
 1002	 1003	|	3221.357	3221.387	3220.982	3221.041	|	 0.030	-0.405	-0.111	-0.059
 1001	 1003	|	4795.825	4796.516	4794.967	4794.423	|	 0.691	-1.549	 0.509	 0.544
 1003	 1004	|	2570.487	2570.519	2563.855	2563.866	|	 0.032	-6.664	-0.107	-0.011
 1002	 1003	|	3221.350	3221.386	3220.980	3221.041	|	 0.036	-0.405	-0.112	-0.060
 1001	 1003	|	4795.817	4796.512	4794.963	4794.423	|	 0.695	-1.549	 0.505	 0.540
 1003	 1004	|	2570.478	2570.513	2563.849	2563.866	|	 0.035	-6.664	-0.113	-0.017
 1003	 1004	|	2570.495	2570.531	2563.862	2563.866	|	 0.036	-6.670	-0.100	-0.004
 1002	 1004	|	5581.472	5581.547	5577.011	5577.053	|	 0.075	-4.536	-0.342	-0.042
 1003	 1004	|	2570.490	2570.526	2563.857	2563.866	|	 0.036	-6.670	-0.105	-0.009
 1002	 1004	|	5581.527	5581.874	5577.339	5577.053	|	 0.347	-4.534	-0.013	 0.286
 1001	 1002	|	5916.901	5917.901	5915.854	5914.888	|	 1.000	-2.047	 1.015	 0.967
 1002	 1003	|	3221.432	3221.622	3221.217	3221.041	|	 0.190	-0.405	 0.125	 0.176
 1001	 1002	|	5916.901	5917.745	5915.697	5914.888	|	 0.844	-2.048	 0.857	 0.809
 1001	 1003	|	4795.896	4796.583	4795.033	4794.423	|	 0.687	-1.550	 0.575	 0.610
 1001	 1004	|	6412.194	6413.128	6411.985	6411.123	|	 0.934	-1.143	-0.001	 0.862
 1001	 1002	|	5916.894	5917.738	5915.690	5914.888	|	 0.844	-2.048	 0.851	 0.802
 1001	 1003	|	4795.892	4796.579	4795.029	4794.423	|	 0.687	-1.550	 0.571	 0.606
 1001	 1004	|	6412.197	6413.130	6411.987	6411.123	|	 0.933	-1.143	 0.001	 0.864
 1001	 1003	|	4794.759	4794.857	4793.306	4794.423	|	 0.098	-1.551	-1.152	-1.117
 1001	 1002	|	5915.291	5915.391	5913.336	5914.888	|	 0.100	-2.054	-1.503	-1.552
 1001	 1003	|	4794.741	4794.838	4793.287	4794.423	|	 0.097	-1.551	-1.171	-1.136
 1001	 1002	|	5915.286	5915.391	5913.336	5914.888	|	 0.105	-2.054	-1.503	-1.552
 1002	 1004	|	5581.438	5582.247	5577.702	5577.053	|	 0.809	-4.545	 0.349	 0.648
 1003	 1004	|	2570.459	2570.834	2564.165	2563.866	|	 0.375	-6.668	 0.204	 0.300
 1003	 1004	|	2570.453	2570.833	2564.165	2563.866	|	 0.380	-6.668	 0.203	 0.299
 1002	 1004	|	5581.420	5582.229	5577.683	5577.053	|	 0.809	-4.545	 0.331	 0.630
 1002	 1004	|	5581.504	5582.311	5577.767	5577.053	|	 0.807	-4.544	 0.414	 0.713
 1002	 1003	|	3221.410	3221.452	3221.045	3221.041	|	 0.042	-0.407	-0.047	 0.004
 1002	 1004	|	5581.472	5582.292	5577.748	5577.053	|	 0.819	-4.544	 0.395	 0.694
 1001	 1002	|	5916.839	5916.945	5914.890	5914.888	|	 0.106	-2.055	 0.051	 0.002
 1002	 1003	|	3221.382	3221.441	3221.034	3221.041	|	 0.059	-0.407	-0.059	-0.007
 1002	 1003	|	3221.388	3221.427	3221.020	3221.041	|	 0.039	-0.407	-0.073	-0.021
 1001	 1003	|	4795.885	4796.529	4794.977	4794.423	|	 0.644	-1.551	 0.519	 0.554
 1003	 1004	|	2570.471	2570.849	2564.183	2563.866	|	 0.378	-6.666	 0.221	 0.317
 1002	 1003	|	3221.369	3221.422	3221.014	3221.041	|	 0.053	-0.407	-0.078	-0.026
 1001	 1003	|	4795.873	4795.969	4794.418	4794.423	|	 0.096	-1.551	-0.041	-0.005
 1003	 1004	|	2570.465	2570.847	2564.180	2563.866	|	 0.382	-6.666	 0.219	 0.314
 1001	 1002	|	5916.817	5916.914	5914.860	5914.888	|	 0.097	-2.054	 0.021	-0.028
 1001	 1003	|	4795.867	4795.832	4794.276	4794.423	|	-0.035	-1.556	-0.183	-0.147
 1001	 1003	|	4795.852	4795.950	4794.394	4794.423	|	 0.098	-1.556	-0.065	-0.029
 1001	 1002	|	5916.797	5916.915	5914.861	5914.888	|	 0.118	-2.054	 0.022	-0.027
 1001	 1002	|	5916.902	5916.988	5914.934	5914.888	|	 0.086	-2.053	 0.095	 0.046
 1002	 1003	|	3221.421	3221.458	3221.054	3221.041	|	 0.037	-0.405	-0.039	 0.013
 1002	 1004	|	5581.527	5581.605	5577.068	5577.053	|	 0.078	-4.537	-0.285	 0.014
 1001	 1002	|	5916.868	5916.987	5914.934	5914.888	|	 0.119	-2.053	 0.095	 0.046
 1002	 1003	|	3221.405	3222.046	3221.641	3221.041	|	 0.641	-0.405	 0.549	 0.600
 1002	 1004	|	5581.498	5581.606	5577.068	5577.053	|	 0.108	-4.537	-0.284	 0.015
 1002	 1003	|	3221.363	3221.417	3221.012	3221.041	|	 0.054	-0.405	-0.080	-0.028
 1001	 1003	|	4795.874	4795.981	4794.426	4794.423	|	 0.107	-1.555	-0.032	 0.003
 1003	 1004	|	2570.455	2570.508	2563.835	2563.866	|	 0.053	-6.673	-0.127	-0.031
 1001	 1003	|	4795.864	4795.979	4794.424	4794.423	|	 0.115	-1.555	-0.034	 0.001
 1002	 1003	|	3221.357	3221.422	3221.017	3221.041	|	 0.065	-0.405	-0.075	-0.024
 1003	 1004	|	2570.454	2570.514	2563.841	2563.866	|	 0.060	-6.673	-0.121	-0.025
 1002	 1004	|	5581.517	5581.602	5577.064	5577.053	|	 0.085	-4.538	-0.289	 0.011
 1003	 1004	|	2570.506	2570.548	2563.873	2563.866	|	 0.042	-6.675	-0.088	 0.007
 1002	 1004	|	5581.508	5581.616	5577.078	5577.053	|	 0.108	-4.538	-0.275	 0.025
 1003	 1004	|	2570.501	2570.551	2563.876	2563.866	|	 0.050	-6.675	-0.086	 0.010
------------------------------------------------------------------------------------------------------
 max(abs)       |                                                   |    1.000	 6.675	 1.503	 1.552

VYBER
======================================================================================================
                                           Redukce delek [m]                                          
------------------------------------------------------------------------------------------------------
  CB      CB    |    Dmer        Dfyz        Dmat        Dsour      |    (4-3)   (5-4)   (6-5)  odleh.
------------------------------------------------------------------------------------------------------
 1002	 1003	|	3221.357	3221.387	3220.982	3221.041	|	 0.030	-0.405	-0.036	-0.059
 1003	 1004	|	2570.487	2570.519	2563.855	2563.866	|	 0.032	-6.664	-0.001	-0.011
 1002	 1003	|	3221.350	3221.386	3220.980	3221.041	|	 0.036	-0.405	-0.037	-0.060
 1003	 1004	|	2570.478	2570.513	2563.849	2563.866	|	 0.035	-6.664	-0.007	-0.017
 1003	 1004	|	2570.495	2570.531	2563.862	2563.866	|	 0.036	-6.670	 0.006	-0.004
 1002	 1004	|	5581.472	5581.547	5577.011	5577.053	|	 0.075	-4.536	-0.047	-0.042
 1003	 1004	|	2570.490	2570.526	2563.857	2563.866	|	 0.036	-6.670	 0.001	-0.009
 1002	 1003	|	3221.410	3221.452	3221.045	3221.041	|	 0.042	-0.407	 0.027	 0.004
 1001	 1002	|	5916.839	5916.945	5914.890	5914.888	|	 0.106	-2.055	-0.006	 0.002
 1002	 1003	|	3221.382	3221.441	3221.034	3221.041	|	 0.059	-0.407	 0.016	-0.007
 1002	 1003	|	3221.388	3221.427	3221.020	3221.041	|	 0.039	-0.407	 0.002	-0.021
 1002	 1003	|	3221.369	3221.422	3221.014	3221.041	|	 0.053	-0.407	-0.003	-0.026
 1001	 1003	|	4795.873	4795.969	4794.418	4794.423	|	 0.096	-1.551	 0.002	-0.005
 1001	 1002	|	5916.817	5916.914	5914.860	5914.888	|	 0.097	-2.054	-0.036	-0.028
 1001	 1003	|	4795.852	4795.950	4794.394	4794.423	|	 0.098	-1.556	-0.022	-0.029
 1001	 1002	|	5916.797	5916.915	5914.861	5914.888	|	 0.118	-2.054	-0.035	-0.027
 1001	 1002	|	5916.902	5916.988	5914.934	5914.888	|	 0.086	-2.053	 0.038	 0.046
 1002	 1003	|	3221.421	3221.458	3221.054	3221.041	|	 0.037	-0.405	 0.036	 0.013
 1002	 1004	|	5581.527	5581.605	5577.068	5577.053	|	 0.078	-4.537	 0.010	 0.014
 1001	 1002	|	5916.868	5916.987	5914.934	5914.888	|	 0.119	-2.053	 0.038	 0.046
 1002	 1004	|	5581.498	5581.606	5577.068	5577.053	|	 0.108	-4.537	 0.010	 0.015
 1002	 1003	|	3221.363	3221.417	3221.012	3221.041	|	 0.054	-0.405	-0.005	-0.028
 1001	 1003	|	4795.874	4795.981	4794.426	4794.423	|	 0.107	-1.555	 0.011	 0.003
 1003	 1004	|	2570.455	2570.508	2563.835	2563.866	|	 0.053	-6.673	-0.021	-0.031
 1001	 1003	|	4795.864	4795.979	4794.424	4794.423	|	 0.115	-1.555	 0.009	 0.001
 1002	 1003	|	3221.357	3221.422	3221.017	3221.041	|	 0.065	-0.405	-0.000	-0.024
 1003	 1004	|	2570.454	2570.514	2563.841	2563.866	|	 0.060	-6.673	-0.015	-0.025
 1002	 1004	|	5581.517	5581.602	5577.064	5577.053	|	 0.085	-4.538	 0.006	 0.011
 1003	 1004	|	2570.506	2570.548	2563.873	2563.866	|	 0.042	-6.675	 0.017	 0.007
 1002	 1004	|	5581.508	5581.616	5577.078	5577.053	|	 0.108	-4.538	 0.020	 0.025
 1003	 1004	|	2570.501	2570.551	2563.876	2563.866	|	 0.050	-6.675	 0.020	 0.010
------------------------------------------------------------------------------------------------------
 max(abs)       |                                                   |    0.119	 6.675	 0.047	 0.060
------------------------------------------------------------------------------------------------------
  CB      CB    |    suma       pocet     prumer      Dsour      odleh.    
------------------------------------------------------------------------
 1001	 1002	|	29574.479	    5	 5914.896	 5914.888	 0.008
 1001	 1003	|	19177.662	    4	 4794.416	 4794.423	-0.007
 1002	 1003	|	28989.158	    9	 3221.018	 3221.041	-0.023
 1002	 1004	|	27885.290	    5	 5577.058	 5577.053	 0.004
 1003	 1004	|	20510.848	    8	 2563.856	 2563.866	-0.010
========================================================================