DEN 1
=========================================================================
                             Redukce smeru [gon]                         
-------------------------------------------------------------------------
 Stan.   Smer   |    Zmena  Korekce |     PsiPuv     PsiCentr      PsiKor
-------------------------------------------------------------------------
 1001 C	 1002 E	|	 0.0180	 0.0005	|	  89.8642	  89.8822	  89.8827
 1001 C	 1003 E	|	 0.0637	 0.0003	|	  53.2671	  53.3308	  53.3312
 1001 C	 1004 E	|	 0.0298	 0.0003	|	  30.2735	  30.3033	  30.3037
 1002 C	 1001 E	|	-0.0461	-0.0005	|	   0.0000	 399.9539	 399.9534
 1002 C	 1003 E	|	-0.1675	-0.0001	|	  60.1813	  60.0138	  60.0136
 1002 C	 1004 E	|	-0.0626	-0.0001	|	  75.2950	  75.2324	  75.2322
 1003 C	 1001 E	|	 0.0757	-0.0003	|	 103.0592	 103.1349	 103.1345
 1003 C	 1002 E	|	-0.2151	 0.0001	|	   0.0000	 399.7849	 399.7850
 1003 C	 1004 E	|	-0.0222	-0.0000	|	 234.2683	 234.2461	 234.2461
 1004 C	 1001 E	|	 0.0222	-0.0004	|	  64.9939	  65.0161	  65.0157
 1004 C	 1002 E	|	-0.1337	 0.0001	|	   0.0000	 399.8663	 399.8664
 1004 C	 1003 E	|	 0.0130	 0.0000	|	  19.0285	  19.0415	  19.0415
=========================================================================
===============================================================================================================
                                               Redukce uhlu [gon]                                              
---------------------------------------------------------------------------------------------------------------
 Stan.   Leve   Prave   |    ZmenaL  ZmenaP   KorL    KorP  |     OmPrum       OmRed       OmKor    |   Odleh. 
---------------------------------------------------------------------------------------------------------------
 1001	 1004	 1003	|	 0.0298	 0.0637	 0.0003	 0.0003	|	  22.9915	  23.0254	  23.0254	|	 0.0510
 1001	 1003	 1002	|	 0.0637	 0.0180	 0.0003	 0.0005	|	  36.5967	  36.5509	  36.5511	|	-0.0525
 1001	 1004	 1002	|	 0.0298	 0.0180	 0.0003	 0.0005	|	  59.2553	  59.2435	  59.2436	|	-0.3343
 1003	 1002	 1001	|	-0.2151	 0.0757	 0.0001	-0.0003	|	 103.0591	 103.3499	 103.3494	|	-0.0016
 1003	 1001	 1004	|	 0.0757	-0.0222	-0.0003	-0.0000	|	 131.2118	 131.1139	 131.1143	|	 0.0013
 1003	 1002	 1004	|	-0.2151	-0.0222	 0.0001	-0.0000	|	 234.2706	 234.4634	 234.4633	|	-0.0006
 1004	 1002	 1001	|	-0.1337	 0.0222	 0.0001	-0.0004	|	  64.9955	  65.1514	  65.1509	|	 0.0002
 1004	 1003	 1001	|	 0.0130	 0.0222	 0.0000	-0.0004	|	  45.9642	  45.9733	  45.9729	|	 0.0602
 1004	 1002	 1003	|	-0.1337	 0.0130	 0.0001	 0.0000	|	  19.0295	  19.1762	  19.1761	|	-0.0619
 1002	 1001	 1003	|	-0.0461	-0.1675	-0.0005	-0.0001	|	  60.1794	  60.0579	  60.0583	|	 0.0128
 1002	 1003	 1004	|	-0.1675	-0.0626	-0.0001	-0.0001	|	  15.1102	  15.2151	  15.2151	|	-0.0108
 1002	 1001	 1004	|	-0.0461	-0.0626	-0.0005	-0.0001	|	  75.2893	  75.2728	  75.2731	|	 0.0018
===============================================================================================================
>> 
DEN 2
=========================================================================
                             Redukce smeru [gon]                         
-------------------------------------------------------------------------
 Stan.   Smer   |    Zmena  Korekce |     PsiPuv     PsiCentr      PsiKor
-------------------------------------------------------------------------
 1001 C	 1002 E	|	 0.0074	 0.0005	|	  59.6514	  59.6588	  59.6593
 1001 C	 1003 E	|	 0.0525	 0.0003	|	  23.0018	  23.0543	  23.0546
 1001 C	 1004 E	|	 0.0816	 0.0003	|	   0.0000	   0.0816	   0.0819
 1002 C	 1001 E	|	-0.0115	-0.0005	|	   9.4463	   9.4348	   9.4343
 1002 C	 1003 E	|	 0.0002	-0.0001	|	  69.4816	  69.4818	  69.4816
 1002 C	 1004 E	|	 0.0443	-0.0001	|	  84.6634	  84.7077	  84.7075
 1003 C	 1005 C	|	-0.2176	-0.0001	|	 300.5628	 300.3452	 300.3451
 1003 C	 1001 E	|	-0.0768	-0.0003	|	 316.7416	 316.6648	 316.6644
 1003 C	 1002 E	|	-0.1595	 0.0001	|	 213.4750	 213.3155	 213.3156
 1003 C	 1004 E	|	 0.0628	-0.0000	|	  47.7183	  47.7811	  47.7811
 1004 C	 1001 E	|	-0.0321	-0.0004	|	  65.0389	  65.0068	  65.0064
 1004 C	 1002 E	|	-0.1431	 0.0001	|	   0.0000	 399.8569	 399.8571
 1004 C	 1003 E	|	 0.0120	 0.0000	|	  19.0833	  19.0953	  19.0953
=========================================================================
===============================================================================================================
                                               Redukce uhlu [gon]                                              
---------------------------------------------------------------------------------------------------------------
 Stan.   Leve   Prave   |    ZmenaL  ZmenaP   KorL    KorP  |     OmPrum       OmRed       OmKor    |   Odleh. 
---------------------------------------------------------------------------------------------------------------
 1001	 1002	 1003	|	 0.0074	 0.0525	 0.0005	 0.0003	|	  36.6497	  36.6947	  36.6946	|	-326.7018
 1001	 1003	 1004	|	 0.0525	 0.0816	 0.0003	 0.0003	|	  23.0021	  23.0312	  23.0312	|	-353.9944
 1001	 1002	 1004	|	 0.0074	 0.0816	 0.0005	 0.0003	|	  59.6527	  59.7269	  59.7268	|	-280.6953
 1002	 1001	 1003	|	-0.0115	 0.0002	-0.0005	-0.0001	|	  60.0342	  60.0459	  60.0462	|	 0.0007
 1002	 1001	 1004	|	-0.0115	 0.0443	-0.0005	-0.0001	|	  75.2169	  75.2727	  75.2730	|	 0.0017
 1002	 1003	 1004	|	 0.0002	 0.0443	-0.0001	-0.0001	|	  15.1818	  15.2259	  15.2259	|	 0.0000
 1003	 1004	 1002	|	 0.0628	-0.1595	-0.0000	 0.0001	|	 165.7580	 165.5358	 165.5359	|	-0.0002
 1003	 1001	 1004	|	-0.0768	 0.0628	-0.0003	-0.0000	|	 131.9757	 132.1153	 132.1157	|	 1.0028
 1003	 1002	 1005	|	-0.1595	-0.2176	 0.0001	-0.0001	|	  87.0858	  87.0277	  87.0274	|	-0.0035
 1003	 1005	 1001	|	-0.2176	-0.0768	-0.0001	-0.0003	|	  16.1809	  16.3217	  16.3215	|	 0.0014
 1004	 1002	 1003	|	-0.1431	 0.0120	 0.0001	 0.0000	|	  19.0833	  19.2384	  19.2382	|	 0.0002
 1004	 1003	 1001	|	 0.0120	-0.0321	 0.0000	-0.0004	|	  45.9552	  45.9111	  45.9107	|	-0.0020
 1004	 1002	 1001	|	-0.1431	-0.0321	 0.0001	-0.0004	|	  65.0393	  65.1502	  65.1497	|	-0.0010
===============================================================================================================
DEN 3
=========================================================================
                             Redukce smeru [gon]                         
-------------------------------------------------------------------------
 Stan.   Smer   |    Zmena  Korekce |     PsiPuv     PsiCentr      PsiKor
-------------------------------------------------------------------------
 1001 C	 1002 E	|	-0.0209	 0.0005	|	  59.6496	  59.6287	  59.6292
 1001 C	 1003 E	|	 0.0112	 0.0003	|	  23.0158	  23.0270	  23.0273
 1001 C	 1004 E	|	 0.0530	 0.0003	|	   0.0000	   0.0530	   0.0533
 1002 C	 1001 E	|	-0.0169	-0.0005	|	   0.0000	 399.9831	 399.9826
 1002 C	 1003 E	|	-0.1558	-0.0001	|	  60.1793	  60.0235	  60.0234
 1002 C	 1004 E	|	-0.0549	-0.0001	|	  75.3049	  75.2500	  75.2499
 1003 C	 1005 C	|	-0.1933	-0.0001	|	  86.8716	  86.6783	  86.6782
 1003 C	 1001 E	|	-0.0150	-0.0003	|	 103.0326	 103.0176	 103.0172
 1003 C	 1002 E	|	-0.3509	 0.0001	|	   0.0000	 399.6491	 399.6492
 1003 C	 1004 E	|	 0.2356	-0.0000	|	 233.8754	 234.1110	 234.1110
 1004 C	 1001 E	|	 0.0018	-0.0004	|	  65.0464	  65.0482	  65.0479
 1004 C	 1002 E	|	-0.1216	 0.0001	|	   0.0000	 399.8784	 399.8785
 1004 C	 1003 E	|	 0.0614	 0.0000	|	  19.0548	  19.1162	  19.1162
=========================================================================
===============================================================================================================
                                               Redukce uhlu [gon]                                              
---------------------------------------------------------------------------------------------------------------
 Stan.   Leve   Prave   |    ZmenaL  ZmenaP   KorL    KorP  |     OmPrum       OmRed       OmKor    |   Odleh. 
---------------------------------------------------------------------------------------------------------------
 1001	 1004	 1003	|	 0.0530	 0.0112	 0.0003	 0.0003	|	  23.0161	  22.9743	  22.9743	|	-0.0001
 1001	 1003	 1002	|	 0.0112	-0.0209	 0.0003	 0.0005	|	  36.6358	  36.6037	  36.6039	|	 0.0003
 1001	 1004	 1002	|	 0.0530	-0.0209	 0.0003	 0.0005	|	  59.6512	  59.5773	  59.5774	|	-0.0005
 1002	 1001	 1003	|	-0.0169	-0.1558	-0.0005	-0.0001	|	  60.1774	  60.0384	  60.0388	|	-0.0067
 1002	 1003	 1004	|	-0.1558	-0.0549	-0.0001	-0.0001	|	  15.1258	  15.2267	  15.2267	|	 0.0008
 1002	 1001	 1004	|	-0.0169	-0.0549	-0.0005	-0.0001	|	  75.2681	  75.2301	  75.2304	|	-0.0410
 1003	 1002	 1005	|	-0.3509	-0.1933	 0.0001	-0.0001	|	  86.8716	  87.0292	  87.0290	|	-0.0019
 1003	 1005	 1001	|	-0.1933	-0.0150	-0.0001	-0.0003	|	  16.1624	  16.3407	  16.3405	|	 0.0204
 1003	 1001	 1004	|	-0.0150	 0.2356	-0.0003	-0.0000	|	 130.8425	 131.0931	 131.0935	|	-0.0195
 1003	 1004	 1002	|	 0.2356	-0.3509	-0.0000	 0.0001	|	 166.1225	 165.5359	 165.5361	|	-0.0000
 1004	 1002	 1001	|	-0.1216	 0.0018	 0.0001	-0.0004	|	  65.0455	  65.1690	  65.1685	|	 0.0178
 1004	 1002	 1003	|	-0.1216	 0.0614	 0.0001	 0.0000	|	  19.0550	  19.2380	  19.2379	|	-0.0001
 1004	 1003	 1001	|	 0.0614	 0.0018	 0.0000	-0.0004	|	  45.9901	  45.9305	  45.9302	|	 0.0175
===============================================================================================================
>> 